image_width: 1280
image_height: 720
camera_name: astrapro
camera_matrix:
  rows: 3
  cols: 3
  data: [980.226238, 0.000000, 640.788799, 0.000000, 974.325319, 391.334275, 0.000000, 0.000000, 1.000000]
distortion_model: plumb_bob
distortion_coefficients:
  rows: 1
  cols: 5
  data: [0.133937, -0.232506, 0.000517, 0.003333, 0.000000]
rectification_matrix:
  rows: 3
  cols: 3
  data: [1.000000, 0.000000, 0.000000, 0.000000, 1.000000, 0.000000, 0.000000, 0.000000, 1.000000]
projection_matrix:
  rows: 3
  cols: 4
  data: [995.343567, 0.000000, 645.088710, 0.000000, 0.000000, 995.280945, 391.747580, 0.000000, 0.000000, 0.000000, 1.000000, 0.000000]
